                          0         1         2         3         4         5         6         7
Lactococcus_phage  0.000000  0.156577  0.083850  0.139824  0.109493  0.190800  0.141200  0.271439
KM389305.1         0.156577  0.000000  0.125881  0.237139  0.148751  0.106226  0.181354  0.164390
NC_028697.1        0.083850  0.125881  0.000000  0.158741  0.097265  0.151226  0.152538  0.235649
KC821626.1         0.139824  0.237139  0.158741  0.000000  0.182315  0.267665  0.153014  0.333566
coronavirus        0.109493  0.148751  0.097265  0.182315  0.000000  0.160688  0.159147  0.249387
adenovirus         0.190800  0.106226  0.151226  0.267665  0.160688  0.000000  0.234198  0.117430
U18337.1           0.141200  0.181354  0.152538  0.153014  0.159147  0.234198  0.000000  0.295588
herpesvirus        0.271439  0.164390  0.235649  0.333566  0.249387  0.117430  0.295588  0.000000