                          0         1         2         3         4         5         6         7
Lactococcus_phage  0.000000  0.021494  0.017372  0.027489  0.019422  0.022551  0.022053  0.027597
KM389305.1         0.021494  0.000000  0.018826  0.033570  0.019215  0.015240  0.021612  0.018470
NC_028697.1        0.017372  0.018826  0.000000  0.028053  0.016918  0.019398  0.021452  0.024258
KC821626.1         0.027489  0.033570  0.028053  0.000000  0.028556  0.034092  0.028956  0.037906
coronavirus        0.019422  0.019215  0.016918  0.028556  0.000000  0.018971  0.021282  0.024107
adenovirus         0.022551  0.015240  0.019398  0.034092  0.018971  0.000000  0.022529  0.015396
U18337.1           0.022053  0.021612  0.021452  0.028956  0.021282  0.022529  0.000000  0.026627
herpesvirus        0.027597  0.018470  0.024258  0.037906  0.024107  0.015396  0.026627  0.000000