                          0         1         2         3         4         5         6         7
8                                                                                                
Lactococcus_phage       0.0  0.021494  0.017372  0.027489  0.019422  0.022551  0.022053  0.027597
KM389305.1         0.021494       0.0  0.018826   0.03357  0.019215   0.01524  0.021612   0.01847
NC_028697.1        0.017372  0.018826       0.0  0.028053  0.016918  0.019398  0.021452  0.024258
KC821626.1         0.027489   0.03357  0.028053       0.0  0.028556  0.034092  0.028956  0.037906
coronavirus        0.019422  0.019215  0.016918  0.028556       0.0  0.018971  0.021282  0.024107
adenovirus         0.022551   0.01524  0.019398  0.034092  0.018971       0.0  0.022529  0.015396
U18337.1           0.022053  0.021612  0.021452  0.028956  0.021282  0.022529       0.0  0.026627
herpesvirus        0.027597   0.01847  0.024258  0.037906  0.024107  0.015396  0.026627       0.0